MY_ACCOUNT_ID = 0.0.47664706
MY_PRIVATE_KEY = 302e020100300506032b657004220420c1e58e47370a0135097e843a9d56b3531b59d9265b30c12b185abcaa7570181a
CONTRACT_ID=0.0.47665002
HASH=abcdefgadadasdasfasfasdasdad13
