MY_ACCOUNT_ID = 0.0.14077
MY_PRIVATE_KEY = 70b86ec7c816795d896e64dcf6a50d84a2a8a287b6e919033a6457f3f725b211

CONTRACT_ID=0.0.3371297
HASH=abcdefgadadasdasfasfasdasdad13
