MY_ACCOUNT_ID = 0.0.14077
MY_PRIVATE_KEY = 70b86ec7c816795d896e64dcf6a50d84a2a8a287b6e919033a6457f3f725b211
MY_PUBLIC_KEY = a1740130b32130c255fe1b9dbd32ea24f80f496bf00e8ca4827b1378878e000b

OTHER_ACCOUNT_ID = 0.0.14321
OTHER_PRIVATE_KEY = 62908f6965635e81a8b67badb5cfffca4975afdd0989810b3b78f33018734aca

UNAUTH_ACCOUNT_ID = 0.0.48813362
UNAUTH_PRIVATE_KEY = 9dcc33fcdea6bbe71ccd45012743518767c144c057824f8228f6abfc5be1fb4e
UNAUTH_PUBLIC_KEY = 14be0f74b0cd1cde09b44d2b87b1ceaafc8b6ddaba0d20fe38cfcebe792bc816

TOKEN_ID = 0.0.15717
NFT_ID = 0.0.16187
