MY_ACCOUNT_ID = 0.0.48822245
MY_PRIVATE_KEY = f57a023a49d54fc0de5a8316552ab7c0ddbdb4264499be4f967cb42b209661a0
MY_PUBLIC_KEY = 06386afa513df08d6cfb1d230f2d12f8a522bac4819774da06aa5ac2f1aae984

OTHER_ACCOUNT_ID = 0.0.48777805
OTHER_PRIVATE_KEY = c37c63538fb57a78ec079254e748360a71c4de2617cc5c8068d1b54ce71b8cee
OTHER_PUBLIC_KEY = 86354359b003c72d63f3e315c265e7321d29339c63fc2c3061593c425730cc30

UNAUTH_ACCOUNT_ID = 0.0.48813362
UNAUTH_PRIVATE_KEY = 9dcc33fcdea6bbe71ccd45012743518767c144c057824f8228f6abfc5be1fb4e
UNAUTH_PUBLIC_KEY = 14be0f74b0cd1cde09b44d2b87b1ceaafc8b6ddaba0d20fe38cfcebe792bc816

TOKEN_ID = 0.0.48860091
NFT_ID = 0.0.48845981
