MY_ACCOUNT_ID = 0.0.48822245
MY_PRIVATE_KEY = f57a023a49d54fc0de5a8316552ab7c0ddbdb4264499be4f967cb42b209661a0
MY_PUBLIC_KEY = 06386afa513df08d6cfb1d230f2d12f8a522bac4819774da06aa5ac2f1aae984

OTHER_ACCOUNT_ID = 0.0.48777805
OTHER_PRIVATE_KEY = c37c63538fb57a78ec079254e748360a71c4de2617cc5c8068d1b54ce71b8cee
OTHER_PUBLIC_KEY = 86354359b003c72d63f3e315c265e7321d29339c63fc2c3061593c425730cc30

TOKEN_ID = 0.0.48845963
NFT_ID = 0.0.48845981
