MY_ACCOUNT_ID = 0.0.14077
MY_PRIVATE_KEY = 70b86ec7c816795d896e64dcf6a50d84a2a8a287b6e919033a6457f3f725b211
MY_PUBLIC_KEY = a1740130b32130c255fe1b9dbd32ea24f80f496bf00e8ca4827b1378878e000b

OTHER_ACCOUNT_ID = 0.0.14321
OTHER_PRIVATE_KEY = 62908f6965635e81a8b67badb5cfffca4975afdd0989810b3b78f33018734aca

FILE_ID = 0.0.18411
