HEDERA_NETWORK=testnet

MY_ACCOUNT_ID = 0.0.14077
MY_PRIVATE_KEY = 70b86ec7c816795d896e64dcf6a50d84a2a8a287b6e919033a6457f3f725b211

OTHER_ACCOUNT_ID = 0.0.14321
OTHER_PRIVATE_KEY = 62908f6965635e81a8b67badb5cfffca4975afdd0989810b3b78f33018734aca

OTHER_ACCOUNT_ID_2 = 0.0.14164

SCHEDULE_ID = 0.0.3371118
