MY_ACCOUNT_ID = 0.0.47664706
MY_PRIVATE_KEY = 302e020100300506032b657004220420c1e58e47370a0135097e843a9d56b3531b59d9265b30c12b185abcaa7570181a
MY_PUBLIC_KEY = 302a300506032b657003210041aebc885aa87ae2c233d472de33d3f920adbd14d315932968f2fa6205061772

OTHER_ACCOUNT_ID = 0.0.4268
OTHER_PRIVATE_KEY = 302e020100300506032b6570042204207a45a7c74bf3276e26be4b38237ebed02b0a47f14c03e8202671d2960e6868fb
OTHER_PUBLIC_KEY = 302a300506032b657003210041aebc885aa87ae2c233d472de33d3f920adbd14d315932968f2fa6205061772

OTHER_ACCOUNT_ID_2 = 0.0.4267
OTHER_PRIVATE_KEY_2 = 302e020100300506032b6570042204207a45a7c74bf3276e26be4b38237ebed02b0a47f14c03e8202671d2960e6868fa

SCHEDULE_ID = 0.0.47729656
